Run semi-empirical minimization
 &qmmm
    qm_theory='AM1', grms_tol=0.0005,
 scfconv=1.d-10, ndiis_attempts=700,   qmcharge=0,
 /
   6     C        0.6130        1.4150       -0.3920 
   8     O        1.1630        1.2020       -1.7110 
   8    O1        1.0570        2.6300        0.2400 
   6    C1       -0.9270        1.4120       -0.4440 
   6    C2        2.5900        1.0710       -1.7190 
   6    C3        0.5590        3.8730       -0.2980 
   6    C4       -1.3770        2.5910       -1.3110 
   8    O2       -1.4630        0.1840       -0.9470 
   8    O3        3.0990       -0.0090       -0.9510 
   6    C5        3.1610        1.0880       -3.1640 
   6    C6       -0.9390        3.8950       -0.6510 
   6    C7        0.8480        4.9700        0.7450 
   8    O4       -2.7980        2.6100       -1.5020 
   6    C8        2.9560       -1.3130       -1.5310 
   6    C9        3.2620       -0.2770       -3.8500 
   8    O5        2.4320        1.9700       -4.0450 
   8    O6       -1.1740        4.9830       -1.5610 
   8    O7        0.2630        4.6180        2.0080 
   6   C10        3.6090       -1.4380       -2.9150 
   6   C11        3.6380       -2.3040       -0.5560 
   8    O8        4.2890       -0.2110       -4.8680 
   8    O9        3.1930       -2.6840       -3.5030 
   8   O10        4.9820       -1.8860       -0.2850 
   1     H        0.9320        0.5880        0.2380 
   1    H1       -1.3260        1.5340        0.5680 
   1    H2        2.9710        1.9840       -1.2520 
   1    H3        1.1440        4.1080       -1.1960 
   1    H4       -0.9670        2.5140       -2.3170 
   1    H5       -1.6170        0.2930       -1.9030 
   1    H6        4.1750        1.5060       -3.1080 
   1    H7       -1.5610        4.0750        0.2360 
   1    H8        1.9240        5.0720        0.9160 
   1    H9        0.4480        5.9400        0.4470 
   1   H10       -3.1950        2.0020       -0.8400 
   1   H11        1.8930       -1.5690       -1.5900 
   1   H12        2.3440       -0.4960       -4.4070 
   1   H13        1.8070        2.4800       -3.4960 
   1   H14       -1.9690        4.7500       -2.0770 
   1   H15        0.6900        3.7860        2.2810 
   1   H16        4.6950       -1.4940       -2.8190 
   1   H17        3.1130       -2.3180        0.3970 
   1   H18        3.6710       -3.3180       -0.9610 
   1   H19        4.0750        0.5440       -5.4440 
   1   H20        2.3360       -2.5680       -3.9450 
   1   H21        4.9270       -0.9430       -0.0420 

