Run semi-empirical minimization
 &qmmm
    qm_theory='AM1', grms_tol=0.0005,
 scfconv=1.d-10, ndiis_attempts=700,   qmcharge=0,
 /
   7     N       -5.2020       -3.3370       -2.6200 
   6    CA       -4.5040       -2.2050       -2.0130 
   6    CB       -3.3060       -1.7970       -2.8780 
   6     C       -5.5340       -1.0960       -1.8700 
   8     O       -6.4720       -0.9020       -2.6310 
   8   OXT       -5.3020       -0.3230       -0.7760 
   6    C1       -2.5670       -0.6280       -2.3040 
   6    C2       -1.5050       -0.9180       -1.3050 
   8    O2       -1.2340       -2.0640       -0.9590 
   6    C3       -0.7700        0.2290       -0.7290 
   6    C4       -1.0360        1.4890       -1.0850 
   8    O4       -0.3600        2.5690       -0.5580 
   6    C5       -2.0900        1.7830       -2.0820 
   8    O5       -2.3500        2.9310       -2.4270 
   6    C6       -2.8270        0.6370       -2.6550 
   1     H       -6.1780       -3.4320       -2.4450 
   1    H2       -4.6520       -4.0710       -3.0090 
   1    HA       -4.1540       -2.4820       -1.0110 
   1   HB2       -3.6230       -1.5450       -3.8970 
   1   HB3       -2.5970       -2.6280       -2.9610 
   1   HXT       -5.9460        0.4050       -0.6420 
   1    H3        0.0000        0.0000       -0.0000 
   1   HO4       -0.9870        3.1970       -0.1840 
   1    H6       -3.5970        0.8710       -3.3830 

