Run semi-empirical minimization
 &qmmm
    qm_theory='AM1', grms_tol=0.0005,
 scfconv=1.d-10, ndiis_attempts=700,   qmcharge=0,
 /
   7     N       -0.1230       62.0790      -15.1810 
   6    CA       -0.4200       62.4560      -16.5310 
   6     C        0.1960       61.3720      -17.4160 
   8     O        1.4190       61.2490      -17.3930 
   6    CB        0.1150       63.8440      -16.8360 
   6    CG       -0.1390       64.1840      -18.3040 
   8   OD1       -0.1900       63.2680      -19.1540 
   7   ND2       -0.2860       65.4580      -18.6670 
   1     H        0.6950       61.4720      -15.1230 
   1    HA       -1.4930       62.5210      -16.7120 
   1   HB2       -0.3690       64.5800      -16.1940 
   1   HB3        1.1830       63.8870      -16.6220 
   1  HD22       -0.2430       66.1970      -17.9650 
   6    C1       -0.5350       65.6830      -20.5550 
   6    C2       -1.4920       66.4480      -19.6100 
   6    C3       -1.0060       67.8100      -19.2050 
   6    C4        0.5530       67.7260      -19.2870 
   6    C5        0.8400       67.6790      -20.8120 
   6    C6        2.3120       67.5110      -21.1300 
   6    C7       -3.8110       65.6670      -20.0550 
   6    C8       -4.8230       65.5020      -21.1470 
   7    N2       -2.7740       66.5040      -20.3620 
   8    O3       -1.4600       68.2660      -17.9230 
   8    O4        1.2010       68.8050      -18.5920 
   8    O5        0.1410       66.6030      -21.4120 
   8    O6        2.8710       66.4380      -20.4580 
   8    O7       -3.8940       65.1450      -19.0290 
   1   HO6        2.1900       65.7470      -20.3210 
   1   HO4        1.0550       69.6420      -19.0800 
   1   HO3       -0.9950       69.0960      -17.6880 
   1   HN2       -2.8820       67.1780      -21.1200 
   1   H83       -5.2600       66.4710      -21.3880 
   1   H82       -4.3380       65.0920      -22.0330 
   1   H81       -5.6080       64.8220      -20.8160 
   1   H62        2.4370       67.3700      -22.2040 
   1   H61        2.8460       68.4230      -20.8640 
   1    H4        0.5060       68.6370      -21.2100 
   1    H3        0.9620       66.8510      -18.7820 
   1    H2       -1.4240       68.5620      -19.8740 
   1    H1       -1.5830       65.9380      -18.6510 
   1    H5       -0.9270       61.5850      -14.7930 
   1    H6       -0.3920       60.7670      -18.0100 
   1    H7       -0.4360       65.6860      -19.6130 

