Run semi-empirical minimization
 &qmmm
    qm_theory='AM1', grms_tol=0.0005,
 scfconv=1.d-10, ndiis_attempts=700,   qmcharge=0,
 /
   6    C1       47.8980       39.8900      -36.8520 
   6    C2       48.8640       39.4600      -35.7230 
   6    C3       49.4300       38.0780      -35.8830 
   6    C4       48.3610       37.2960      -36.7140 
   6    C5       48.4830       37.9040      -38.1370 
   6    C6       47.4640       37.3400      -39.1080 
   6    C7       49.9310       41.5050      -34.7930 
   6    C8       50.7260       42.7140      -35.1800 
   7    N2       49.9190       40.5090      -35.7300 
   8    O3       49.7670       37.4080      -34.6620 
   8    O4       48.5520       35.8710      -36.6570 
   8    O5       48.3070       39.3080      -38.0890 
   8    O6       46.1740       37.4190      -38.6130 
   8    O7       49.3800       41.4040      -33.7840 
   1   HO6       46.1210       38.1410      -37.9520 
   1   HO4       47.9650       35.4360      -37.3110 
   1   HO3       49.4450       36.4830      -34.6970 
   1   HN2       50.6450       40.4850      -36.4460 
   1   H83       51.7640       42.4280      -35.3500 
   1   H82       50.3140       43.1440      -36.0930 
   1   H81       50.6800       43.4520      -34.3790 
   1   H62       47.5240       37.8830      -40.0510 
   1   H61       47.7060       36.2990      -39.3230 
   1    H5       49.4810       37.6440      -38.4910 
   1    H4       47.3500       37.4070      -36.3230 
   1    H3       50.3970       38.1340      -36.3830 
   1    H2       48.3410       39.3890      -34.7690 

