Run semi-empirical minimization
 &qmmm
    qm_theory='AM1', grms_tol=0.0005,
 scfconv=1.d-10, ndiis_attempts=700,   qmcharge=0,
 /
   6    C1        0.1850        1.0820       -0.4210 
   6    C2        0.7900       -0.2200        0.1120 
   6    C3       -0.1240       -1.3900       -0.2650 
   6    C4       -1.5260       -1.1290        0.2940 
   6    C5       -2.0420        0.2070       -0.2460 
   6    C6       -3.4170        0.5040        0.3550 
   6    C7        3.1970        0.1570        0.0760 
   6    C8        4.5590       -0.0520       -0.5330 
   7    N2        2.1140       -0.4220       -0.4800 
   8    O1        1.0030        2.1850       -0.0240 
   8    O3        0.3950       -2.6000        0.2910 
   8    O4       -2.4050       -2.1800       -0.1140 
   8    O5       -1.1300        1.2480        0.1130 
   8    O6       -3.9490        1.6910       -0.2360 
   8    O7        3.0740        0.8450        1.0670 
   1    H1        0.1330        1.0400       -1.5090 
   1    H2        0.8790       -0.1630        1.1970 
   1    H3       -0.1740       -1.4780       -1.3500 
   1    H4       -1.4830       -1.0910        1.3820 
   1    H5       -2.1230        0.1540       -1.3320 
   1   H61       -4.0880       -0.3330        0.1570 
   1   H62       -3.3200        0.6450        1.4310 
   1   H81        4.5600        0.3200       -1.5580 
   1   H82        5.3050        0.4900        0.0500 
   1   H83        4.7990       -1.1150       -0.5320 
   1   HN2        2.2120       -0.9730       -1.2730 
   1   HO1        0.6790        3.0440       -0.3280 
   1   HO3       -0.1350       -3.3840        0.0910 
   1   HO4       -3.3120       -2.0790        0.2060 
   1   HO6       -4.8220        1.9400        0.0990 

