Run semi-empirical minimization
 &qmmm
    qm_theory='AM1', grms_tol=0.0005,
 scfconv=1.d-10, ndiis_attempts=700,   qmcharge=0,
 /
   8    O1       -0.1510        0.0700       -1.0060 
   8    O2        1.3710       -1.5950       -0.6850 
   8    O3       -1.5250        1.7070       -0.4030 
   8    O4        1.7560        1.7190       -1.5280 
   8    O5       -2.3920       -1.0820       -1.4930 
   8    O6        4.1790        0.6640       -2.0480 
   8    O7       -3.8690       -0.4810        1.6090 
   8    O8        4.2250       -2.2090       -1.9010 
   8    O9       -3.9530        1.5800       -1.2760 
   8   O10        4.0020       -2.3780        1.7080 
   8   O11       -3.2450        2.5380        2.6920 
   6    C1        1.0350       -0.2910       -0.4000 
   6    C2       -1.1490        0.4280       -0.0910 
   6    C3        2.1830        0.6070       -0.8020 
   6    C4       -2.2660       -0.5550       -0.1920 
   6    C5        3.1300       -0.1600       -1.7050 
   6    C6       -3.5870       -0.0870        0.3220 
   6    C7        3.7000       -1.3610       -0.9470 
   6    C8       -3.7820        1.4170        0.1000 
   6    C9        2.5750       -2.0180       -0.1940 
   6   C10       -2.4950        2.1440        0.4630 
   6   C11        2.7290       -1.9170        1.2990 
   6   C12       -2.1740        2.0540        1.9130 
   1    H1        0.8950       -0.2040        0.6930 
   1    H2       -0.6840        0.3150        0.9240 
   1    H3        2.7170        0.9760        0.0870 
   1    H4       -1.9910       -1.4500        0.4300 
   1    H5        2.5540       -0.5320       -2.5720 
   1    H6       -4.3830       -0.5490       -0.3330 
   1    H7        4.4650       -0.9420       -0.2680 
   1    H8       -4.6390        1.7420        0.7020 
   1    H9        2.6280       -3.1240       -0.4200 
   1   H10       -2.6790        3.2160        0.2210 
   1   H11        2.5870       -0.8700        1.6120 
   1   H12        1.9560       -2.5700        1.7470 
   1   H13       -1.9820        1.0390        2.2960 
   1   H14       -1.3200        2.7220        2.1270 
   1   H15        0.9160        1.5160       -1.9700 
   1   H16       -3.1740       -0.6520       -1.9110 
   1   H17        4.4160        0.4350       -2.9870 
   1   H18       -4.8480       -0.5230        1.7120 
   1   H19        4.7770       -2.9320       -1.5630 
   1   H20       -3.3880        2.2650       -1.6800 
   1   H21        3.8810       -2.9680        2.4820 
   1   H22       -3.0010        2.2970        3.6390 

