Run semi-empirical minimization
 &qmmm
    qm_theory='AM1', grms_tol=0.0005,
 scfconv=1.d-10, ndiis_attempts=700,   qmcharge=0,
 /
   7     N       49.2880       51.4240      -35.1310 
   6    CA       48.7990       50.4540      -36.0620 
   6     C       47.3050       50.6300      -36.3200 
   8     O       46.4390       50.3840      -35.4750 
   6    CB       49.1260       49.0440      -35.5430 
   6    CG       48.6150       47.9540      -36.4110 
   8   OD1       47.9150       48.1600      -37.4090 
   7   ND2       48.8840       46.6460      -36.1550 
   6    C1       49.1160       45.1820      -36.3110 
   6    C2       50.4370       44.6360      -36.9030 
   6    C3       50.2920       43.3470      -37.6590 
   6    C4       49.0480       42.6430      -37.0260 
   6    C5       47.8490       43.4920      -37.5260 
   6    C6       46.5220       43.0300      -36.9580 
   6    C7       51.9450       46.5640      -37.3440 
   6    C8       52.0210       47.8760      -38.0630 
   7    N2       50.9330       45.7450      -37.7620 
   8    O3       51.4520       42.5040      -37.6620 
   8    O4       48.9720       41.2470      -37.3650 
   8    O5       48.0250       44.8510      -37.1690 
   8    O6       46.5530       42.9290      -35.5780 
   8    O7       52.6820       46.2530      -36.5120 
   6    C1       47.8980       39.8900      -36.8520 
   6    C2       48.8640       39.4600      -35.7230 
   6    C3       49.4300       38.0780      -35.8830 
   6    C4       48.3610       37.2960      -36.7140 
   6    C5       48.4830       37.9040      -38.1370 
   6    C6       47.4640       37.3400      -39.1080 
   6    C7       49.9310       41.5050      -34.7930 
   6    C8       50.7260       42.7140      -35.1800 
   7    N2       49.9190       40.5090      -35.7300 
   8    O3       49.7670       37.4080      -34.6620 
   8    O4       48.5520       35.8710      -36.6570 
   8    O5       48.3070       39.3080      -38.0890 
   8    O6       46.1740       37.4190      -38.6130 
   8    O7       49.3800       41.4040      -33.7840 

