Run semi-empirical minimization
 &qmmm
    qm_theory='AM1', grms_tol=0.0005,
 scfconv=1.d-10, ndiis_attempts=700,   qmcharge=0,
 /
   6     C        0.6550        1.4040       -0.3950 
   8     O        1.1700        1.1630       -1.7190 
   8    O1        1.1280        2.6120        0.2220 
   6    C1       -0.8890        1.4020       -0.4020 
   6    C2        2.6010        1.0430       -1.7590 
   6    C3        0.6110        3.8600       -0.2660 
   6    C4       -1.3820        2.6060       -1.2040 
   8    O2       -1.4640        0.2100       -0.9370 
   8    O3        3.1250       -0.0560       -1.0210 
   6    C5        3.1450        1.0840       -3.2120 
   6    C6       -0.9070        3.8800       -0.5260 
   6    C7        0.9450        4.9490        0.7850 
   8    O4       -2.8170        2.6440       -1.2650 
   6    C8        2.9550       -1.3420       -1.6260 
   6    C9        3.2090       -0.2670       -3.9260 
   8    O5        2.3980        1.9800       -4.0630 
   8    O6       -1.2300        5.0310       -1.3270 
   8    O7        0.5410        6.2600        0.4100 
   6   C10        3.5650       -1.4520       -3.0260 
   6   C11        3.6440       -2.3600       -0.6920 
   8    O8        4.2060       -0.1940       -4.9700 
   8    O9        3.1310       -2.6850       -3.6280 
   8   O10        5.0050       -1.9900       -0.4620 
   1     H        0.9860        0.5690        0.2410 
   1    H1       -1.2550        1.4930        0.6280 
   1    H2        2.9950        1.9480       -1.2750 
   1    H3        1.1330        4.1170       -1.1940 
   1    H4       -1.0420        2.5630       -2.2490 
   1    H5       -1.2850        0.2020       -1.8960 
   1    H6        4.1620        1.4940       -3.1720 
   1    H7       -1.4560        4.0030        0.4200 
   1    H8        0.4700        4.7050        1.7450 
   1    H9        2.0220        4.9710        0.9770 
   1   H10       -3.1400        1.7540       -1.0150 
   1   H11        1.8810       -1.5890       -1.6590 
   1   H12        2.2740       -0.4660       -4.4590 
   1   H13        1.9830        2.6540       -3.4940 
   1   H14       -2.0110        4.7840       -1.8650 
   1   H15       -0.2910        6.1940       -0.1050 
   1   H16        4.6600       -1.5130       -2.9510 
   1   H17        3.1550       -2.3730        0.2940 
   1   H18        3.6300       -3.3750       -1.0990 
   1   H19        3.9660        0.5670       -5.5330 
   1   H20        2.2650       -2.5530       -4.0440 
   1   H21        4.9940       -1.0480       -0.2100 

