Run semi-empirical minimization
 &qmmm
    qm_theory='AM1', grms_tol=0.0005,
 scfconv=1.d-10, ndiis_attempts=700,   qmcharge=0,
 /
   7     N       45.7940       58.0320       22.1940 
   6    CA       46.0240       58.0360       23.6130 
   6     C       45.4770       56.7330       24.2040 
   8     O       44.2530       56.5730       24.1250 
   6    CB       45.3230       59.2270       24.2760 
   6    CG       45.7710       59.3610       25.7320 
   8   OD1       45.8820       58.3270       26.4250 
   7   ND2       46.0690       60.5750       26.2100 
   1     H       44.9060       57.5930       21.9510 
   1    HA       47.0950       58.1200       23.7980 
   1   HB2       45.5530       60.1430       23.7310 
   1   HB3       44.2420       59.0930       24.2310 
   1  HD21       46.3990       60.6780       27.1700 
   1  HD22       45.9660       61.3970       25.6150 
   6    C1       46.4490       60.2480       28.2200 
   6    C2       47.4420       61.3290       27.7320 
   6    C3       46.9320       62.7380       27.8470 
   6    C4       45.3770       62.6150       27.7570 
   6    C5       44.9780       61.9740       29.1130 
   6    C6       43.4940       61.6840       29.2140 
   6    C7       49.7500       60.4550       28.0340 
   6    C8       50.6820       59.8850       29.0580 
   7    N2       48.6600       61.0970       28.5530 
   8    O3       47.4630       63.6620       26.8870 
   8    O4       44.7390       63.8760       27.4840 
   8    O5       45.6730       60.7560       29.3060 
   8    O6       43.0310       60.9540       28.1340 
   8    O7       49.9320       60.3760       26.8970 
   1   HO6       43.7320       60.3420       27.8280 
   1   HO4       43.7890       63.7280       27.2930 
   1   HO3       46.9730       64.5090       26.9420 
   1   HN2       48.6830       61.4220       29.5190 
   1   H83       51.0600       60.6870       29.6930 
   1   H82       50.1490       59.1580       29.6710 
   1   H81       51.5170       59.3950       28.5570 
   1   H62       43.2940       61.1350       30.1340 
   1   H61       42.9450       62.6240       29.2780 
   1    H5       45.2420       62.7030       29.8790 
   1    H4       45.0440       62.0030       26.9190 
   1    H3       47.2670       63.1740       28.7880 
   1    H2       47.6260       61.2350       26.6620 
   1    H1       45.7870       58.9950       21.8590 
   1    H7       46.0930       56.0300       24.6420 
   1    H9       46.9940       59.3870       28.5460 
   1   H10       45.7960       59.9800       27.4160 

